-0.145
-0.145
-0.145
-0.15
-0.16
-0.17
-0.19
-0.135
-0.235
-0.25
-0.275
-0.275
-0.29
-0.305
-0.275
-0.29
-0.3
-0.335
-0.405
-0.485
-0.07
0.78
0.52
-0.435
-0.33
-0.33
-0.32
-0.325
-0.335
-0.33
-0.335
-0.32
-0.335
-0.355
-0.33
-0.325
-0.335
-0.33
-0.35
-0.32
-0.33
-0.345
-0.34
-0.35
-0.335
-0.355
-0.35
-0.36
-0.385
-0.355
-0.365
-0.365
-0.33
-0.34
-0.3
-0.285
-0.25
-0.245
-0.255
-0.25
-0.25
-0.26
-0.265
-0.29
-0.26
-0.275
-0.285
-0.275
-0.3
-0.3
-0.295
-0.295
-0.295
-0.325
-0.29
-0.315
-0.32
-0.315
-0.31
-0.29
-0.305
-0.305
-0.295
-0.275
-0.25
-0.22
-0.215
-0.225
-0.235
-0.22
-0.285
-0.33
-0.315
-0.34
-0.34
-0.33
-0.345
-0.33
-0.365
-0.425
-0.535
-0.16
0.49
0.905
0.165
-0.45
-0.39
-0.39
-0.395
-0.385
-0.41
-0.405
-0.375
-0.41
-0.39
-0.4
-0.415
-0.4
-0.41
-0.385
-0.395
-0.395
-0.39
-0.415
-0.395
-0.42
-0.42
-0.43
-0.455
-0.445
-0.46
-0.47
-0.45
-0.44
-0.37
-0.34
-0.33
-0.31
-0.32
-0.305
-0.305
-0.32
-0.305
-0.315
-0.29
-0.315
-0.315
-0.32
-0.34
-0.33
-0.345
-0.345
-0.32
-0.355
-0.33
-0.355
-0.345
-0.33
-0.35
-0.33
-0.35
-0.34
-0.335
-0.345
-0.315
-0.285
-0.265
-0.24
-0.245
-0.235
-0.275
-0.22
-0.27
-0.32
-0.335
-0.36
-0.365
-0.37
-0.385
-0.355
-0.41
-0.52
-0.525
0.12
0.885
0.05
-0.445
-0.39
-0.405
-0.39
-0.405
-0.405
-0.405
-0.435
-0.41
-0.42
-0.425
-0.395
-0.415
-0.4
-0.425
-0.425
-0.415
-0.425
-0.395
-0.385
-0.4
-0.405
-0.42
-0.415
-0.435
-0.42
-0.415
-0.375
-0.335
-0.325
-0.315
-0.3
-0.31
-0.3
-0.325
-0.32
-0.31
-0.33
-0.32
-0.34
-0.34
-0.35
-0.365
-0.34
-0.365
-0.37
-0.36
-0.38
-0.35
-0.365
-0.355
-0.355
-0.385
-0.355
-0.36
-0.345
-0.31
-0.305
-0.275
-0.265
-0.265
-0.265
-0.275
-0.265
-0.28
-0.36
-0.38
-0.39
-0.385
-0.4
-0.395
-0.4
-0.46
-0.51
-0.645
-0.385
0.09
0.86
0.065
-0.475
-0.4
-0.385
-0.41
-0.39
-0.41
-0.405
-0.39
-0.4
-0.395
-0.4
-0.385
-0.385
-0.395
-0.375
-0.39
-0.395
-0.375
-0.375
-0.375
-0.365
-0.39
-0.365
-0.375
-0.37
-0.385
-0.375
-0.32
-0.315
-0.3
-0.28
-0.295
-0.28
-0.295
-0.275
-0.295
-0.305
-0.3
-0.315
-0.31
-0.32
-0.335
-0.32
-0.34
-0.335
-0.34
-0.335
-0.32
-0.365
-0.345
-0.34
-0.38
-0.345
-0.345
-0.335
-0.32
-0.305
-0.275
-0.265
-0.245
-0.245
-0.26
-0.265
-0.245
-0.3
-0.345
-0.36
-0.335
-0.375
-0.365
-0.365
-0.38
-0.35
-0.395
-0.485
-0.475
0.185
0.82
-0.2
-0.48
-0.39
-0.425
-0.395
-0.405
-0.395
-0.385
-0.425
-0.395
-0.415
-0.405
-0.42
-0.42
-0.395
-0.395
-0.405
-0.405
-0.405
-0.395
-0.415
-0.4
-0.425
-0.445
-0.445
-0.44
-0.43
-0.43
-0.42
-0.37
-0.345
-0.305
-0.31
-0.32
-0.305
-0.31
-0.3
-0.28
-0.325
-0.3
-0.325
-0.335
-0.325
-0.335
-0.325
-0.33
-0.33
-0.32
-0.355
-0.335
-0.33
-0.33
-0.33
-0.34
-0.325
-0.34
-0.31
-0.27
-0.26
-0.235
-0.22
-0.235
-0.23
-0.25
-0.195
-0.27
-0.31
-0.345
-0.355
-0.34
-0.355
-0.34
-0.345
-0.38
-0.425
-0.545
-0.405
0.315
0.795
-0.215
-0.45
-0.395
-0.38
-0.41
-0.39
-0.41
-0.4
-0.4
-0.415
-0.395
-0.41
-0.395
-0.405
-0.425
-0.395
-0.41
-0.41
-0.415
-0.425
-0.405
-0.4
-0.405
-0.41
-0.445
-0.43
-0.445
-0.445
-0.43
-0.385
-0.33
-0.31
-0.29
-0.285
-0.295
-0.275
-0.285
-0.27
-0.275
-0.305
-0.285
-0.31
-0.305
-0.315
-0.325
-0.32
-0.32
-0.31
-0.32
-0.335
-0.325
-0.325
-0.325
-0.31
-0.335
-0.32
-0.325
-0.315
-0.315
-0.315
-0.255
-0.255
-0.225
-0.2
-0.235
-0.215
-0.235
-0.22
-0.3
-0.325
-0.33
-0.34
-0.325
-0.345
-0.355
-0.34
-0.365
-0.445
-0.535
-0.135
0.58
0.775
-0.295
-0.38
-0.38
-0.37
-0.385
-0.37
-0.385
-0.41
-0.38
-0.4
-0.39
-0.385
-0.39
-0.37
-0.37
-0.37
-0.385
-0.395
-0.375
-0.38
-0.37
-0.365
-0.4
-0.375
-0.39
-0.375
-0.37
-0.405
-0.36
-0.37
-0.345
-0.31
-0.295
-0.28
-0.29
-0.28
-0.28
-0.3
-0.28
-0.285
-0.28
-0.285
-0.285
-0.265
-0.265
-0.235
-0.215
-0.23
-0.22
-0.245
-0.285
-0.31
-0.36
-0.35
-0.375
-0.365
-0.35
-0.365
-0.34
-0.365
-0.43
-0.55
-0.305
0.26
0.875
-0.025
-0.415
-0.4
-0.375
-0.39
-0.385
-0.4
-0.4
-0.39
-0.405
-0.39
-0.39
-0.4
-0.39
-0.405
-0.38
-0.39
-0.395
-0.375
-0.4
-0.395
-0.385
-0.405
-0.38
-0.395
-0.4
-0.405
-0.415
-0.38
-0.39
-0.37
-0.345
-0.355
-0.31
-0.315
-0.305
-0.325
-0.31
-0.305
-0.325
-0.315
-0.315
-0.34
-0.345
-0.345
-0.345
-0.36
-0.35
-0.34
-0.35
-0.345
-0.345
-0.37
-0.35
-0.385
-0.37
-0.37
-0.36
-0.35
-0.365
-0.365
-0.365
-0.375
-0.355
-0.36
-0.345
-0.35
-0.37
-0.355
-0.37
-0.36
-0.365
-0.36
-0.345
-0.36
-0.355
-0.36
-0.33
-0.3
-0.285
-0.255
-0.255
-0.29
-0.255
-0.3
-0.265
-0.31
-0.37
-0.365
-0.38
-0.375
-0.4
-0.415
-0.395
-0.44
-0.485
-0.525
-0.02
0.715
0.56
-0.285
-0.535
-0.45
-0.41
-0.425
-0.43
-0.43
-0.445
-0.43
-0.445
-0.435
-0.43
-0.44
-0.425
-0.43
-0.425
-0.445
-0.44
-0.415
-0.42
-0.415
-0.405
-0.43
-0.415
-0.46
-0.46
-0.475
-0.515
-0.49
-0.49
-0.46
-0.43
-0.4
-0.355
-0.34
-0.305
-0.3
-0.33
-0.315
-0.325
-0.315
-0.325
-0.335
-0.32
-0.325
-0.32
-0.345
-0.355
-0.335
-0.34
-0.335
-0.34
-0.355
-0.345
-0.37
-0.35
-0.345
-0.36
-0.34
-0.355
-0.345
-0.33
-0.305
-0.285
-0.265
-0.245
-0.26
-0.28
-0.28
-0.26
-0.3
-0.35
-0.385
-0.35
-0.37
-0.365
-0.365
-0.395
-0.38
-0.5
-0.56
-0.255
0.6
0.83
-0.45
-0.465
-0.415
-0.425
-0.415
-0.42
-0.42
-0.395
-0.4
-0.4
-0.395
-0.395
-0.405
-0.415
-0.41
-0.405
-0.405
-0.39
-0.42
-0.4
-0.41
-0.405
-0.415
-0.43
-0.41
-0.425
-0.41
-0.42
-0.41
-0.36
-0.335
-0.315
-0.305
-0.295
-0.27
-0.28
-0.285
-0.285
-0.31
-0.29
-0.3
-0.3
-0.31
-0.34
-0.315
-0.33
-0.335
-0.32
-0.34
-0.33
-0.345
-0.34
-0.335
-0.34
-0.315
-0.32
-0.32
-0.32
-0.34
-0.31
-0.28
-0.25
-0.22
-0.22
-0.23
-0.24
-0.235
-0.22
-0.29
-0.305
-0.35
-0.335
-0.345
-0.37
-0.335
-0.355
-0.395
-0.525
-0.255
0.425
0.795
-0.325
-0.365
-0.385
-0.37
-0.385
-0.375
-0.39
-0.41
-0.385
-0.395
-0.38
-0.38
-0.395
-0.37
-0.385
-0.375
-0.37
-0.375
-0.365
-0.38
-0.37
-0.385
-0.38
-0.38
-0.385
-0.375
-0.37
-0.385
-0.325
-0.325
-0.315
-0.27
-0.285
-0.25
-0.285
-0.27
-0.275
-0.29
-0.275
-0.28
-0.275
-0.29
-0.305
-0.295
-0.315
-0.305
-0.305
-0.325
-0.3
-0.315
-0.305
-0.31
-0.32
-0.29
-0.31
-0.31
-0.295
-0.31
-0.24
-0.225
-0.21
-0.18
-0.215
-0.21
-0.21
-0.185
-0.27
-0.3
-0.3
-0.31
-0.3
-0.32
-0.34
-0.315
-0.395
-0.465
-0.37
0.375
0.865
-0.27
-0.415
-0.355
-0.36
-0.34
-0.345
-0.34
-0.365
-0.36
-0.35
-0.335
-0.34
-0.335
-0.37
-0.345
-0.365
-0.345
-0.325
-0.35
-0.36
-0.345
-0.35
-0.34
-0.38
-0.36
-0.37
-0.345
-0.345
-0.335
-0.285
-0.28
-0.26
-0.25
-0.265
-0.24
-0.275
-0.275
-0.275
-0.29
-0.275
-0.28
-0.28
-0.3
-0.31
-0.31
-0.31
-0.31
-0.305
-0.325
-0.305
-0.3
-0.305
-0.3
-0.325
-0.31
-0.32
-0.26
-0.25
-0.235
-0.205
-0.24
-0.235
-0.245
-0.28
-0.295
-0.34
-0.31
-0.325
-0.35
-0.345
-0.35
-0.345
-0.405
-0.52
-0.39
0.36
0.835
-0.255
-0.435
-0.37
-0.4
-0.385
-0.37
-0.385
-0.365
-0.39
-0.395
-0.39
-0.405
-0.38
-0.39
-0.405
-0.39
-0.405
-0.39
-0.395
-0.38
-0.38
-0.39
-0.405
-0.43
-0.43
-0.44
-0.44
-0.425
-0.415
-0.375
-0.35
-0.32
-0.295
-0.29
-0.285
-0.285
-0.29
-0.275
-0.305
-0.29
-0.295
-0.305
-0.295
-0.31
-0.3
-0.305
-0.325
-0.315
-0.33
-0.31
-0.31
-0.33
-0.31
-0.33
-0.325
-0.315
-0.325
-0.305
-0.315
-0.295
-0.28
-0.275
-0.24
-0.225
-0.205
-0.22
-0.23
-0.21
-0.235
-0.205
-0.28
-0.315
-0.335
-0.325
-0.305
-0.32
-0.36
-0.325
-0.34
-0.385
-0.485
-0.325
0.25
0.935
0.12
-0.42
-0.375
-0.355
-0.38
-0.37
-0.375
-0.375
-0.36
-0.365
-0.35
-0.36
-0.37
-0.355
-0.375
-0.345
-0.355
-0.37
-0.35
-0.37
-0.35
-0.345
-0.37
-0.36
-0.385
-0.375
-0.385
-0.385
-0.36
-0.315
-0.29
-0.28
-0.275
-0.245
-0.245
-0.24
-0.25
-0.265
-0.25
-0.265
-0.265
-0.265
-0.285
-0.285
-0.29
-0.28
-0.295
-0.315
-0.29
-0.315
-0.3
-0.32
-0.315
-0.3
-0.315
-0.305
-0.31
-0.32
-0.29
-0.295
-0.295
-0.285
-0.265
-0.24
-0.22
-0.2
-0.195
-0.225
-0.2
-0.195
-0.205
-0.28
-0.325
-0.31
-0.335
-0.32
-0.33
-0.34
-0.33
-0.395
-0.45
-0.51
-0.49
-0.12
0.74
0.73
-0.435
-0.38
-0.37
-0.385
-0.365
-0.36
-0.38
-0.355
-0.37
-0.355
-0.355
-0.39
-0.365
-0.365
-0.345
-0.355
-0.37
-0.36
-0.365
-0.36
-0.375
-0.375
-0.36
-0.37
-0.38
-0.37
-0.39
-0.355
-0.35
-0.32
-0.295
-0.275
-0.26
-0.285
-0.265
-0.255
-0.26
-0.26
-0.29
-0.28
-0.28
-0.31
-0.28
-0.3
-0.285
-0.31
-0.33
-0.315
-0.33
-0.315
-0.31
-0.335
-0.315
-0.32
-0.33
-0.33
-0.335
-0.31
-0.315
-0.28
-0.26
-0.255
-0.205
-0.225
-0.225
-0.235
-0.235
-0.215
-0.28
-0.29
-0.33
-0.36
-0.345
-0.36
-0.34
-0.355
-0.385
-0.46
-0.55
-0.255
0.6
0.44
-0.37
-0.44
-0.41
-0.395
-0.42
-0.39
-0.4
-0.4
-0.4
-0.4
-0.385
-0.41
-0.405
-0.415
-0.425
-0.42
-0.41
-0.405
-0.41
-0.42
-0.4
-0.41
-0.4
-0.415
-0.45
-0.435
-0.435
-0.44
-0.435
-0.405
-0.37
-0.355
-0.31
-0.315
-0.33
-0.31
-0.32
-0.3
-0.315
-0.335
-0.315
-0.335
-0.3
-0.32
-0.355
-0.345
-0.345
-0.355
-0.34
-0.355
-0.345
-0.365
-0.35
-0.35
-0.345
-0.34
-0.36
-0.345
-0.34
-0.355
-0.315
-0.3
-0.265
-0.235
-0.255
-0.25
-0.29
-0.26
-0.295
-0.355
-0.35
-0.36
-0.365
-0.375
-0.39
-0.36
-0.38
-0.38
-0.48
-0.535
-0.185
0.66
0.75
-0.39
-0.45
-0.405
-0.4
-0.395
-0.4
-0.435
-0.405
-0.435
-0.43
-0.42
-0.425
-0.41
-0.42
-0.405
-0.42
-0.44
-0.415
-0.43
-0.42
-0.425
-0.425
-0.42
-0.44
-0.45
-0.465
-0.49
-0.455
-0.44
-0.4
-0.365
-0.375
-0.33
-0.335
-0.315
-0.315
-0.33
-0.31
-0.33
-0.32
-0.32
-0.345
-0.33
-0.355
-0.335
-0.35
-0.355
-0.335
-0.35
-0.335
-0.355
-0.36
-0.345
-0.36
-0.35
-0.35
-0.345
-0.34
-0.35
-0.33
-0.285
-0.29
-0.245
-0.235
